1.18581943123
1.47072661384
1.15337279832
1.30658956381
0.4834943643
0.420210512509
3.12082401454
1.99357310264
2.80907762176
0.704604244216
1.27182553128
0.463403056288
0.872804244873
0.549381575971
0.285134039816
1.23299516601
1.24097157078
0.862428122126
0.548703719368
1.91265401769
0.339342287183
0.960171231121
0.122408755591
0.661344901419
0.620745030249
0.22327567568
1.02125250061
1.71510243632
0.375151552293
0.329673166649
0.148596389284
0.829897469691
1.47706449504
0.860446790654
0.103531836622
0.251105733051
2.45226743523
