1.1380379992245055
1.007557677008751
1.0958641213371434
1.0873977086743045
1.1415441176470589
1.0828897338403043
1.0874403815580287
1.0633802816901408
1.0743494423791822
1.0971404541631624
1.0912978103561695
1.1397602171618157
1.0953759193680197
1.1043764960932207
1.1092613853807884
1.1163841424058158
1.1053062798207143
1.1154785385554615
1.0649356534348378
1.1158634119201614
1.1153489257417497
1.0521183667020293
1.0686261223106894
1.076985078328442
1.0248731571484702
1.056743845172498
1.0365439410718063
1.1012313015162307
1.1261438857878028
1.1078782163296628
1.1648730090400345
1.1189099917423617
1.102149178255373
1.117037037037037
1.1324905442859061
1.0949948927477018
1.1949382129277566
