a280.tsp 280 1.1380379992245055 1.21487818784
berlin52.tsp 52 1.007557677008751 1.47008039019
bier127.tsp 127 1.0958641213371434 1.1164280034
ch130.tsp 130 1.0873977086743045 0.931206841364
ch150.tsp 150 1.1415441176470589 0.515347117163
d198.tsp 198 1.0828897338403043 0.298779558379
eil101.tsp 101 1.0874403815580287 1.63728949109
eil51.tsp 51 1.0633802816901408 1.28405378036
eil76.tsp 76 1.0743494423791822 2.21758246104
gil262.tsp 262 1.0971404541631624 0.612553133275
kroA100.tsp 100 1.0912978103561695 1.30263668088
kroA150.tsp 150 1.1397602171618157 0.48669365125
kroA200.tsp 200 1.0953759193680197 0.80353413128
kroB100.tsp 100 1.1043764960932207 0.742447751221
kroB150.tsp 150 1.1092613853807884 0.284231334176
kroB200.tsp 200 1.1163841424058158 1.10335152088
kroC100.tsp 100 1.1053062798207143 1.20221471471
kroD100.tsp 100 1.1154785385554615 0.934033994906
kroE100.tsp 100 1.0649356534348378 0.783862431235
lin105.tsp 105 1.1158634119201614 1.82478143731
lin318.tsp 318 1.1153489257417497 0.336677065986
pr107.tsp 107 1.0521183667020293 1.02713971693
pr124.tsp 124 1.0686261223106894 0.0920229653612
pr136.tsp 136 1.076985078328442 0.426478345828
pr144.tsp 144 1.0248731571484702 0.61924904429
pr152.tsp 152 1.056743845172498 0.222454400281
pr226.tsp 226 1.0365439410718063 0.91603299304
pr264.tsp 264 1.1012313015162307 1.61250753726
pr299.tsp 299 1.1261438857878028 0.363301253629
pr76.tsp 76 1.1078782163296628 0.318202008488
rat195.tsp 195 1.1648730090400345 0.124602774181
rat99.tsp 99 1.1189099917423617 0.818322896484
rd100.tsp 100 1.102149178255373 1.52396774266
st70.tsp 70 1.117037037037037 0.885297921373
ts225.tsp 225 1.1324905442859061 0.0993001851533
tsp225.tsp 225 1.0949948927477018 0.395992792873
u159.tsp 159 1.1949382129277566 1.82112424307
eil51.tsp 51 1.0492957746478873 1.72073555862
eil76.tsp 76 1.066914498141264 3.40507263788
st70.tsp 70 1.0651851851851852 1.55526124047
