1.21487818784
1.47008039019
1.1164280034
0.931206841364
0.515347117163
0.298779558379
1.63728949109
1.28405378036
2.21758246104
0.612553133275
1.30263668088
0.48669365125
0.80353413128
0.742447751221
0.284231334176
1.10335152088
1.20221471471
0.934033994906
0.783862431235
1.82478143731
0.336677065986
1.02713971693
0.0920229653612
0.426478345828
0.61924904429
0.222454400281
0.91603299304
1.61250753726
0.363301253629
0.318202008488
0.124602774181
0.818322896484
1.52396774266
0.885297921373
0.0993001851533
0.395992792873
1.82112424307
