inst_0 100 1.08502008968 1.32026987338
inst_0 100 1.08502008968 1.50623241855
inst_0 100 1.08502008968 1.57980435148
inst_0 100 1.08502008968 1.64844108839
inst_0 100 1.08502008968 1.43833560225
inst_0 100 1.08502008968 1.52018245976
inst_1 130 1.12489486646 0.933691904951
inst_0 100 1.08502008968 1.44173616768
inst_1 130 1.12489486646 0.84020556839
inst_0 100 1.08502008968 1.6070019858
inst_1 130 1.12489486646 0.936867002995
inst_2 127 1.09925084524 1.30915834614
inst_3 299 1.10975555521 0.460544266159
inst_4 105 1.08874854047 2.2081063907
inst_5 136 1.0974798815 0.450565212173
inst_6 76 1.11433457256 2.36889479606
inst_7 70 1.05650999259 1.40858181265
inst_8 124 1.06350774697 0.108305202803
inst_9 107 1.02962936141 1.09477384633
inst_10 100 1.0955728794 1.6967056944
inst_11 100 1.07877537439 0.599028136048
inst_12 100 1.0877594442 1.04164967778
inst_13 200 1.07627205948 0.770271413686
inst_14 264 1.11921043783 1.76532102
inst_15 195 1.12543648632 0.126489925853
inst_16 280 1.15491149067 1.06822558703
inst_17 152 1.04123600851 0.242291299932
inst_18 318 1.08501817204 0.441524322123
inst_19 100 1.08717461153 0.570466936035
inst_20 150 1.0926368077 0.346132963707
inst_21 225 1.11599580364 0.204771129939
inst_22 76 1.07085155526 0.32552884453
inst_0 100 1.08502008968 1.36863578912
inst_1 130 1.12489486646 0.89211984114
inst_2 127 1.09925084524 1.30994496217
inst_3 299 1.10975555521 0.450623157894
inst_4 105 1.08874854047 2.16031958301
inst_5 136 1.0974798815 0.493574654189
inst_6 76 1.11433457256 2.409312
inst_7 70 1.05650999259 1.34901159083
inst_8 124 1.06350774697 0.100115358936
inst_9 107 1.02962936141 1.12941708416
inst_10 100 1.0955728794 1.75289434586
inst_11 100 1.07877537439 0.568012117592
inst_12 100 1.0877594442 1.03527208154
inst_13 200 1.07627205948 0.750336550985
inst_14 264 1.11921043783 1.64782273873
inst_15 195 1.12543648632 0.114906312029
inst_16 280 1.15491149067 0.840427918633
inst_17 152 1.04123600851 0.192810543003
inst_18 318 1.08501817204 0.346630479601
inst_19 100 1.08717461153 0.523201121463
inst_20 150 1.0926368077 0.348366107872
inst_21 225 1.11599580364 0.217794125402
inst_22 76 1.07085155526 0.3351782866
inst_0 100 1.08502008968 1.59704664466
inst_1 130 1.12489486646 0.942426020789
inst_2 127 1.09925084524 1.29862288164
inst_3 299 1.10975555521 0.463986362295
inst_4 105 1.08874854047 2.2107403284
inst_5 136 1.0974798815 0.443177878089
inst_6 76 1.11433457256 2.59042006669
inst_7 70 1.05650999259 1.35218626396
inst_8 124 1.06350774697 0.101599459141
inst_9 107 1.02962936141 1.05499953109
inst_10 100 1.0955728794 1.60719825474
inst_11 100 1.07877537439 0.571078364224
inst_12 100 1.0877594442 1.02502028774
inst_13 200 1.07627205948 0.766378314868
inst_14 264 1.11921043783 1.78544512673
inst_15 195 1.12543648632 0.121098960443
inst_16 280 1.15491149067 1.06015993815
inst_17 152 1.04123600851 0.247175901768
inst_18 318 1.08501817204 0.445770877466
inst_19 100 1.08717461153 0.540741146504
inst_20 150 1.0926368077 0.353500262939
inst_21 225 1.11599580364 0.264878047094
inst_22 76 1.07085155526 0.45475095654
inst_0 100 1.08502008968 1.33188969564
inst_1 130 1.12489486646 0.938713970681
inst_2 127 1.09925084524 1.28038154302
inst_3 299 1.10975555521 0.458142594085
inst_4 105 1.08874854047 2.23124843798
inst_5 136 1.0974798815 0.44824141482
inst_6 76 1.11433457256 2.57951881393
inst_7 70 1.05650999259 1.38249070507
inst_8 124 1.06350774697 0.0997566039349
inst_9 107 1.02962936141 1.02954066801
inst_10 100 1.0955728794 1.83084041193
inst_11 100 1.07877537439 0.611035752682
inst_12 100 1.0877594442 1.07229077966
inst_13 200 1.07627205948 0.740196926957
inst_14 264 1.11921043783 1.74938756403
inst_15 195 1.12543648632 0.126842875197
inst_16 280 1.15491149067 0.856381029226
inst_17 152 1.04123600851 0.200510023517
inst_18 318 1.08501817204 0.347383406139
inst_19 100 1.08717461153 0.518693894222
inst_20 150 1.0926368077 0.356502741542
inst_21 225 1.11599580364 0.219657639591
inst_22 76 1.07085155526 0.339715836752
inst_23 52 1.1393103681 1.11811065742
inst_24 226 1.03054921186 0.670502354044
inst_25 144 1.06585617797 0.521197535762
inst_26 101 1.10196362336 1.30396793246
inst_27 262 1.1114781241 0.404169138567
inst_28 100 1.08572939013 1.09956949773
inst_29 99 1.11682295609 0.729330041861
inst_30 198 1.06365687744 0.220372074086
inst_31 225 1.10221574077 0.081818616139
inst_32 159 1.11382434746 1.69912833665
inst_33 150 1.06687974276 0.235153997242
inst_34 200 1.0757398935 0.965221046748
inst_35 150 1.14256124766 0.345548528255
inst_0 100 1.08502008968 1.36217447289
inst_1 130 1.12489486646 0.86534542583
inst_2 127 1.09925084524 1.30423670883
inst_3 299 1.10975555521 0.454520974865
inst_4 105 1.08874854047 2.32871191729
inst_5 136 1.0974798815 0.489383463925
inst_6 76 1.11433457256 2.54114963032
inst_7 70 1.05650999259 1.40870454326
inst_8 124 1.06350774697 0.101823889758
inst_9 107 1.02962936141 1.01158258397
inst_10 100 1.0955728794 1.4482574099
inst_11 100 1.07877537439 0.628724701572
inst_12 100 1.0877594442 1.04800151508
inst_13 200 1.07627205948 1.16176040251
inst_14 264 1.11921043783 2.63025886229
inst_15 195 1.12543648632 0.1135884105
inst_16 280 1.15491149067 0.987535201986
inst_17 152 1.04123600851 0.181961804196
inst_18 318 1.08501817204 0.332626532052
inst_19 100 1.08717461153 0.629147010835
inst_20 150 1.0926368077 0.454502954029
inst_21 225 1.11599580364 0.234062921817
inst_22 76 1.07085155526 0.397660161956
inst_23 52 1.1393103681 1.30203185763
inst_24 226 1.03054921186 0.740545638105
inst_25 144 1.06585617797 0.695522646575
inst_26 101 1.10196362336 1.64558791802
inst_27 262 1.1114781241 0.489339237566
inst_28 100 1.08572939013 1.12753610018
inst_29 99 1.11682295609 0.673908568467
inst_30 198 1.06365687744 0.235735258148
inst_31 225 1.10221574077 0.102032577714
inst_32 159 1.11382434746 2.08252995578
inst_33 150 1.06687974276 0.290258963188
inst_34 200 1.0757398935 1.24021988874
inst_35 150 1.14256124766 0.351550906964
inst_36 51 1.08014345473 1.17982751212
/home/daniela/avrech/technion/049053/graph_comb_opt/data/tsplib/kroC100.tsp 100 1.08502008968 1.52062841746
/home/daniela/avrech/technion/049053/graph_comb_opt/data/tsplib/ch130.tsp 130 1.12489486646 0.887696713067
/home/daniela/avrech/technion/049053/graph_comb_opt/data/tsplib/bier127.tsp 127 1.09925084524 1.28166351607
/home/daniela/avrech/technion/049053/graph_comb_opt/data/tsplib/pr299.tsp 299 1.10975555521 0.451366162
/home/daniela/avrech/technion/049053/graph_comb_opt/data/tsplib/lin105.tsp 105 1.08874854047 2.14467376682
/home/daniela/avrech/technion/049053/graph_comb_opt/data/tsplib/pr136.tsp 136 1.0974798815 0.466449239616
/home/daniela/avrech/technion/049053/graph_comb_opt/data/tsplib/eil76.tsp 76 1.11433457256 2.39866539435
/home/daniela/avrech/technion/049053/graph_comb_opt/data/tsplib/st70.tsp 70 1.05650999259 1.40855359127
/home/daniela/avrech/technion/049053/graph_comb_opt/data/tsplib/pr124.tsp 124 1.06350774697 0.103148820392
/home/daniela/avrech/technion/049053/graph_comb_opt/data/tsplib/pr107.tsp 107 1.02962936141 1.06861113392
/home/daniela/avrech/technion/049053/graph_comb_opt/data/tsplib/rd100.tsp 100 1.0955728794 1.38238840233
/home/daniela/avrech/technion/049053/graph_comb_opt/data/tsplib/kroB100.tsp 100 1.07877537439 0.593101904197
/home/daniela/avrech/technion/049053/graph_comb_opt/data/tsplib/kroD100.tsp 100 1.0877594442 1.03259538253
/home/daniela/avrech/technion/049053/graph_comb_opt/data/tsplib/kroA200.tsp 200 1.07627205948 0.763035489694
/home/daniela/avrech/technion/049053/graph_comb_opt/data/tsplib/pr264.tsp 264 1.11921043783 1.71391869001
/home/daniela/avrech/technion/049053/graph_comb_opt/data/tsplib/rat195.tsp 195 1.12543648632 0.122627370919
/home/daniela/avrech/technion/049053/graph_comb_opt/data/tsplib/a280.tsp 280 1.15491149067 1.0407786384
/home/daniela/avrech/technion/049053/graph_comb_opt/data/tsplib/pr152.tsp 152 1.04123600851 0.227433082983
/home/daniela/avrech/technion/049053/graph_comb_opt/data/tsplib/lin318.tsp 318 1.08501817204 0.42011673962
/home/daniela/avrech/technion/049053/graph_comb_opt/data/tsplib/kroE100.tsp 100 1.08717461153 0.533687478119
/home/daniela/avrech/technion/049053/graph_comb_opt/data/tsplib/kroA150.tsp 150 1.0926368077 0.344844035644
/home/daniela/avrech/technion/049053/graph_comb_opt/data/tsplib/tsp225.tsp 225 1.11599580364 0.204322137294
/home/daniela/avrech/technion/049053/graph_comb_opt/data/tsplib/pr76.tsp 76 1.07085155526 0.344758087394
/home/daniela/avrech/technion/049053/graph_comb_opt/data/tsplib/berlin52.tsp 52 1.1393103681 1.189391995
/home/daniela/avrech/technion/049053/graph_comb_opt/data/tsplib/pr226.tsp 226 1.03054921186 0.668842943848
/home/daniela/avrech/technion/049053/graph_comb_opt/data/tsplib/pr144.tsp 144 1.06585617797 0.529028094562
/home/daniela/avrech/technion/049053/graph_comb_opt/data/tsplib/eil101.tsp 101 1.10196362336 1.32447841926
/home/daniela/avrech/technion/049053/graph_comb_opt/data/tsplib/gil262.tsp 262 1.1114781241 0.411700454068
/home/daniela/avrech/technion/049053/graph_comb_opt/data/tsplib/kroA100.tsp 100 1.08572939013 1.05517016512
/home/daniela/avrech/technion/049053/graph_comb_opt/data/tsplib/rat99.tsp 99 1.11682295609 0.721332663548
/home/daniela/avrech/technion/049053/graph_comb_opt/data/tsplib/d198.tsp 198 1.06365687744 0.214611576963
/home/daniela/avrech/technion/049053/graph_comb_opt/data/tsplib/ts225.tsp 225 1.10221574077 0.0820644679258
/home/daniela/avrech/technion/049053/graph_comb_opt/data/tsplib/u159.tsp 159 1.11382434746 1.64894474398
/home/daniela/avrech/technion/049053/graph_comb_opt/data/tsplib/kroB150.tsp 150 1.06687974276 0.232637791271
/home/daniela/avrech/technion/049053/graph_comb_opt/data/tsplib/kroB200.tsp 200 1.0757398935 0.962860495227
/home/daniela/avrech/technion/049053/graph_comb_opt/data/tsplib/ch150.tsp 150 1.14256124766 0.34655089958
/home/daniela/avrech/technion/049053/graph_comb_opt/data/tsplib/eil51.tsp 51 1.08014345473 1.34906306045
